,bare,halodule,zostera,ruppia,algae,oyster,saltmarsh,other,richness,shannonD,simpsonD,evenness,seagrass_comb,richness_comb,shannonD_comb,evenness_comb,totalcover,avg_shoot_density,avg_blade_length,max_10,max_25perc,depth_m_avg,temp_avg,sal_avg,total_abund_sum,comm_richness_sum,comm_shannonD_sum,comm_evenness_sum,carnivore,herbivore,omnivore,soniferous_S,carn_2,detritivore,herb_2,invertivore,omni_2,piscivore,planktivore,X1_Depth_m,X2_Depth_m,X1_Temp_C,X2_Temp_C,X1_Sal_ppt,X2_Sal_ppt,X1_total_abund,X2_total_abund,X1_richness,X2_richness,X1_shannonD,X2_shannonD,X1_evenness,X2_evenness,avg_spl_low,avg_spl_Llow,avg_spl_MFlow,avg_spl_high,BI_low,BI_high,mudflat_area,mudflat_core.area,mudflat_perimeter,mudflat_perim.area.ratio,mudflat_shape.index,seagrass_area,seagrass_core.area,seagrass_perimeter,seagrass_perim.area.ratio,seagrass_shape.index,saltmarsh_area,saltmarsh_core.area,saltmarsh_perimeter,saltmarsh_perim.area.ratio,saltmarsh_shape.index,oyster_area,oyster_core.area,oyster_perimeter,oyster_perim.area.ratio,oyster_shape.index,sand_area,sand_core.area,sand_perimeter,sand_perim.area.ratio,sand_shape.index,channel_area,channel_core.area,channel_perimeter,channel_perim.area.ratio,channel_shape.index,land_area,land_core.area,land_perimeter,land_perim.area.ratio,land_shape.index,total_hab_area,habitat_total,nnratio,distadj,land_richness
bare,1,-0.849894292,-0.225653302,-0.517033553,0.14783855,-0.275794037,NA,0.157991176,-0.343603187,-0.474469538,-0.418358525,-0.405072594,-0.995848089,0.200972752,-0.474939877,-0.405072594,-1,-0.545926093,0.254097875,0.183664575,0.14383411,0.433421588,0.121772203,-0.346604685,-0.357729382,0.148087235,0.063092443,0.044146901,-0.385205955,0.240025056,0.321902212,0.222485826,0.049672572,-0.697118255,-0.327003464,-0.278168969,0.190751715,-0.024711795,0.098692988,0.296168479,0.501711221,0.133060904,0.109647868,-0.346604685,-0.346604685,-0.425945679,-0.220559575,-0.148562521,0.101766952,0.219320006,-0.119034695,0.37556581,-0.159246125,0.415126442,0.04063859,0.730335363,0.168912429,0.513524715,-0.127610114,0.588047577,0.588047577,0.588047577,0.588047577,0.588047577,-0.770016703,-0.816769583,-0.678920798,0.355544946,-0.402319255,-0.125601086,-0.183998167,0.233063293,0.458727364,0.450525041,0.003760168,-0.193713431,0.216688962,0.91911977,0.612695213,-0.16776387,-0.029005529,-0.347448427,-0.074574699,-0.206515923,0.135022434,0.116755235,0.176505836,0.060571386,0.131861663,0.245303109,0.242477453,0.287095147,0.140405579,0.19666864,NA,-0.709361771,0.223824173,-0.816934901,0.901726143
halodule,-0.849894292,1,-0.185288901,0.149641995,-0.328532023,0.330383924,NA,-0.003578446,0.257025779,-0.009623934,-0.071901183,-0.082761691,0.863596098,-0.127727339,-0.009585392,-0.082761691,0.849894292,0.75722899,-0.069379292,-0.307833701,-0.28147607,-0.449478941,-0.377006121,0.398072938,0.520372555,0.154474166,-0.22150936,-0.305946558,0.539229669,-0.242323033,-0.149215438,-0.334351331,0.356099458,0.436534945,0.399336571,0.478715398,0.164853912,-0.249026672,0.141963419,-0.230621391,-0.60078998,-0.370420464,-0.38304843,0.398072938,0.398072938,0.694606165,0.235418254,0.531252703,-0.031611383,-0.277026992,-0.090779144,-0.621899818,-0.122005003,-0.434867411,0.122287416,-0.876530712,-0.330546798,-0.598794371,0.01467255,-0.83323339,-0.83323339,-0.83323339,-0.83323339,-0.83323339,0.522659908,0.619566711,0.405160076,-0.486481081,0.139515616,-0.151535673,-0.113926354,-0.312967633,-0.083832664,-0.326573416,0.054368405,0.309732529,-0.220946324,-0.692661314,-0.553233865,0.394753051,0.313832133,-0.008440093,-0.207367826,-0.122263093,-0.117507757,-0.096317518,-0.166134716,-0.031886278,-0.113832083,-0.24391249,-0.243086555,-0.22946097,-0.033338271,-0.09151245,NA,0.345371064,-0.005790856,0.549862911,-0.565542613
zostera,-0.225653302,-0.185288901,1,0.107832207,0.167230247,-0.09700085,NA,-0.297333132,-0.267518134,0.621709622,0.680517733,0.766887262,0.208102589,-0.317968609,0.622966112,0.766887262,0.225653302,-0.358371877,-0.234121658,0.102135578,0.115966042,0.182850422,0.579310592,-0.22686187,-0.226165981,-0.436182278,0.223466366,0.382518281,-0.21238681,0.127224273,-0.268589837,0.045335134,-0.610651359,0.276032111,0.137908132,-0.257107861,-0.614469038,0.626168677,-0.462834405,0.23800986,0.0927281,0.573830313,0.583727679,-0.22686187,-0.22686187,-0.453593537,0.046101401,-0.803278704,0.000526788,-0.034395297,0.380171424,0.385018977,0.461021926,0.458533038,0.172515629,0.349065291,0.3776494,0.437521073,0.099809101,0.467237779,0.467237779,0.467237779,0.467237779,0.467237779,0.39102719,0.226678078,0.528071247,0.316699341,0.503540847,0.105288206,0.099006362,0.105548029,-0.647196183,-0.218298684,-0.061114156,-0.173383058,0.062372219,-0.251015204,0.004340203,-0.445286448,-0.568809211,0.769588906,0.643190346,0.726569451,0.089373759,0.082293091,0.104974777,0.059811961,0.088157235,0.124719042,0.12609569,0.066538554,-0.079328104,-0.047559678,NA,0.376192129,-0.606363181,0.616877709,-0.580471387
ruppia,-0.517033553,0.149641995,0.107832207,1,-0.016891617,-0.151839806,NA,-0.151839806,0.453547471,0.70237496,0.659951884,0.572615415,0.511294832,-0.108761332,0.70248967,0.572615415,0.517033553,-0.030862987,-0.271659711,0.229964989,0.26925272,-0.32336754,-0.067352192,0.239166379,-0.051815708,-0.26863998,0.242502491,0.321140314,-0.037815209,-0.151839806,-0.224117037,0.20705428,-0.342378498,0.708016368,-0.086125148,-0.16592894,-0.249880105,-0.028318316,-0.10344909,-0.538886382,-0.039893975,-0.107799931,-0.024759242,0.239166379,0.239166379,-0.134513151,0.073839537,-0.082986787,-0.068136972,0.175225692,0.287282002,0.114467923,0.366861224,-0.522015055,-0.518686424,-0.237182981,-0.083185877,-0.358461846,0.076899377,-0.151839806,-0.151839806,-0.151839806,-0.151839806,-0.151839806,0.58108504,0.619374748,0.489527712,-0.081363812,0.382063795,0.415634338,0.503762978,-0.203946828,-0.43491403,-0.386452333,-0.30578036,-0.238923591,-0.352967767,-0.688143847,-0.545910749,0.00199236,-0.085147639,0.275519154,0.11490195,0.196990542,-0.20354878,-0.20925475,-0.187415416,-0.222138036,-0.204593428,-0.157673609,-0.154533749,-0.22190635,-0.161157409,-0.195833646,NA,0.683546185,-0.071393594,0.427342641,-0.588214527
algae,0.14783855,-0.328532023,0.167230247,-0.016891617,1,0.706351743,NA,-0.010831243,0.493595194,0.294999248,0.234668469,0.210709475,-0.237198586,0.613801723,0.294672144,0.210709475,-0.14783855,0.027501744,-0.195998012,-0.248581979,-0.270467082,0.185702889,0.440937165,-0.152152162,-0.127896927,-0.480562517,-0.269626837,-0.129793705,-0.116137588,-0.157053016,-0.209708424,-0.13152223,-0.437543481,-0.338470364,-0.478440156,-0.045953161,-0.453489819,0.472575998,-0.34768331,0.174026655,0.165384741,0.428304862,0.453176558,-0.152152162,-0.152152162,0.073791517,-0.33011041,-0.265242504,-0.532022283,-0.229770476,-0.300632044,0.097556407,-0.162530904,-0.005261086,-0.290287276,0.16826893,0.285092642,-0.032354019,0.569637755,0.532278203,0.532278203,0.532278203,0.532278203,0.532278203,-0.317715136,-0.293234667,-0.323334051,0.002147443,-0.258621216,0.847182417,0.807489853,0.860811423,-0.144175843,0.518669284,0.791496349,0.625415432,0.869410469,0.242620378,0.732599653,-0.358040121,-0.302063336,-0.00752311,0.020450687,0.015481519,0.102042845,0.141815485,0.006604359,0.256622338,0.109017119,-0.167674884,-0.161940446,-0.30361259,-0.299707349,-0.33389019,NA,0.38541819,0.107215894,-0.318574764,0.033907152
oyster,-0.275794037,0.330383924,-0.09700085,-0.151839806,0.706351743,1,NA,-0.125,0.5,0.11056902,0.029979669,0.008648688,0.204034479,0.530330086,0.111303713,0.008648688,0.275794037,0.555752625,-0.076507922,-0.630438717,-0.632517414,0.143486011,0.292441204,-0.056254395,0.368732098,-0.083148763,-0.459923448,-0.450010948,0.390670586,-0.125,-0.236259821,-0.25,-0.041639166,-0.214208773,-0.203598844,0.457416748,-0.219070779,0.350449234,-0.156138067,0.29250897,-0.038461538,0.29469332,0.289405436,-0.056254395,-0.056254395,0.603772034,-0.031289717,0.262612866,-0.390335434,-0.423402507,-0.420118225,-0.412753368,-0.354935511,-0.184966546,-0.022298509,-0.436830065,0.172357883,-0.250960026,0.622585585,-0.125,-0.125,-0.125,-0.125,-0.125,-0.222916958,-0.096008906,-0.322931328,-0.442835795,-0.441906937,0.635138886,0.601700834,0.685013928,-0.107552541,0.411067133,0.939102691,0.968469981,0.807770837,-0.045263684,0.499744242,-0.177605088,-0.114381171,-0.171546283,-0.135801296,-0.152841796,0.239717361,0.294533028,0.106901183,0.450881217,0.249352606,-0.129802598,-0.127217751,-0.182681304,-0.132670587,-0.161217315,NA,0.356939463,0.342605937,-0.155142762,-0.111803399
saltmarsh,NA,NA,NA,NA,NA,NA,1,NA,NA,NA,NA,NA,NA,NA,NA,NA,NA,NA,NA,NA,NA,NA,NA,NA,NA,NA,NA,NA,NA,NA,NA,NA,NA,NA,NA,NA,NA,NA,NA,NA,NA,NA,NA,NA,NA,NA,NA,NA,NA,NA,NA,NA,NA,NA,NA,NA,NA,NA,NA,NA,NA,NA,NA,NA,NA,NA,NA,NA,NA,NA,NA,NA,NA,NA,NA,NA,NA,NA,NA,NA,NA,NA,NA,NA,NA,NA,NA,NA,NA,NA,NA,NA,NA,NA,NA,NA,NA,NA,NA
other,0.157991176,-0.003578446,-0.297333132,-0.151839806,-0.010831243,-0.125,NA,1,0.5,-0.189724258,-0.2454539,-0.266143742,-0.154419166,0.530330086,-0.196553087,-0.266143742,-0.157991176,0.427766922,-0.550389804,0.342414041,0.278904183,-0.732803555,-0.719018664,0.196890383,-0.324714185,-0.532152084,-0.62412555,-0.547822654,-0.314755921,-0.125,-0.233502699,-0.75,-0.188837966,-0.438817864,-0.203598844,-0.261939097,-0.219070779,-0.309893125,-0.1530291,-0.694708803,-0.644230769,-0.723766794,-0.712382613,0.196890383,0.196890383,-0.109358299,-0.39365039,-0.180546345,-0.695815339,-0.542866095,-0.689774961,-0.432535999,-0.621520642,0.219130272,0.255694085,0.237512006,-0.850529438,-0.275413697,-0.674978808,-0.125,-0.125,-0.125,-0.125,-0.125,-0.060322282,-0.037452668,-0.101246321,-0.115689726,-0.094280786,-0.284731873,-0.276336182,-0.265583895,0.517300373,-0.121344206,-0.200931902,-0.17803517,-0.213595475,0.291415877,-0.129689471,0.309677796,0.322888468,-0.267241412,-0.278910372,-0.28420601,-0.167568692,-0.172266051,-0.154287124,-0.182872037,-0.168428683,-0.129802598,-0.127217751,-0.182681304,-0.132670587,-0.161217315,NA,-0.256453104,-0.201023528,-0.166380875,0.223606798
richness,-0.343603187,0.257025779,-0.267518134,0.453547471,0.493595194,0.5,NA,0.5,1,0.385995209,0.264011773,0.168154905,0.291846787,0.707106781,0.381922455,0.168154905,0.343603187,0.624679891,-0.584691146,-0.038704738,-0.059287016,-0.573944043,-0.328694246,0.22501758,-0.023695616,-0.565411589,-0.578515388,-0.475323845,0.006365694,-0.25,-0.459400425,-0.5,-0.379428299,-0.032964621,-0.407197689,0.011981371,-0.438141558,-0.007241743,-0.273051533,-0.621581561,-0.423076923,-0.358347077,-0.296826089,0.22501758,0.22501758,0.227010029,-0.259360724,0.032826608,-0.780670868,-0.518301142,-0.588476967,-0.487228056,-0.447646322,-0.333157438,-0.214660646,-0.256672772,-0.501295513,-0.578644788,0.035003092,-0.25,-0.25,-0.25,-0.25,-0.25,0.102863104,0.240835244,-0.058305128,-0.434754617,-0.185435223,0.548183695,0.587765841,0.186063181,0.031150135,-0.006421247,0.321887457,0.394453961,0.199190483,-0.223624443,-0.059965268,0.077759595,0.093012778,-0.185043197,-0.238797289,-0.217777641,-0.063613348,-0.033332716,-0.134448711,0.056758095,-0.058336507,-0.259605195,-0.254435502,-0.365362609,-0.265341173,-0.322434629,NA,0.472413984,0.117380369,-0.040671149,-0.223606798
shannonD,-0.474469538,-0.009623934,0.621709622,0.70237496,0.294999248,0.11056902,NA,-0.189724258,0.385995209,1,0.990585297,0.968836311,0.440594312,0.076006024,0.99997578,0.968836311,0.474469538,-0.031657906,-0.556313485,0.029605144,0.05246117,-0.042268576,0.386654617,-0.102560823,-0.094910508,-0.486297378,-0.028723187,0.125965279,-0.057583592,0.201789325,-0.592555932,0.03953142,-0.816014227,0.451736086,-0.226132011,-0.127495046,-0.782283539,0.589883764,-0.564681815,-0.176829817,0.106697691,0.351499157,0.422650319,-0.102560823,-0.102560823,-0.361117461,0.135114759,-0.559297574,-0.230051215,-0.226308001,0.108594609,0.028191943,0.230984213,0.086659726,-0.033268094,0.076179732,0.116964424,0.134179119,0.201466017,0.071444366,0.071444366,0.071444366,0.071444366,0.071444366,0.414564134,0.394094161,0.395743131,-0.061882544,0.272177777,0.48661836,0.540235792,0.050614688,-0.751301908,-0.367563352,-0.007302735,0.000107565,-0.014620658,-0.522679484,-0.235891592,-0.504448903,-0.582812738,0.586554964,0.547483066,0.586386338,0.237483912,0.240241331,0.227889578,0.243825297,0.238021205,0.198304854,0.200223255,0.113433896,-0.111642117,-0.061433998,NA,0.638072527,-0.280537716,0.501287662,-0.672456619
simpsonD,-0.418358525,-0.071901183,0.680517733,0.659951884,0.234668469,0.029979669,NA,-0.2454539,0.264011773,0.990585297,1,0.990486786,0.391134253,-0.002465809,0.990969011,0.990486786,0.418358525,-0.126951353,-0.51729091,0.044017353,0.068670484,0.04029642,0.445018361,-0.154745166,-0.107136379,-0.431171729,0.031520383,0.179173422,-0.071913233,0.276274032,-0.564569376,0.104561004,-0.817346541,0.451298631,-0.196914775,-0.141683949,-0.771013461,0.626611708,-0.561345682,-0.101440414,0.182316317,0.412206848,0.478420502,-0.154745166,-0.154745166,-0.436847222,0.180708261,-0.605190925,-0.138437527,-0.180953472,0.172613648,0.088396463,0.280203453,0.169673642,0.021282063,0.146692711,0.176903081,0.248989136,0.181911979,0.11302056,0.11302056,0.11302056,0.11302056,0.11302056,0.394351778,0.354205342,0.397076772,-0.005010389,0.28985464,0.416087869,0.466463875,0.015618539,-0.778714099,-0.388649273,-0.064727522,-0.068919646,-0.051323562,-0.484696456,-0.232402742,-0.555966524,-0.634483055,0.631938075,0.616043926,0.645623604,0.281192571,0.278545552,0.283822689,0.265435823,0.280795613,0.274397433,0.275455245,0.202040701,-0.068941644,-0.001262924,NA,0.568988217,-0.303967462,0.505703832,-0.643114123
evenness,-0.405072594,-0.082761691,0.766887262,0.572615415,0.210709475,0.008648688,NA,-0.266143742,0.168154905,0.968836311,0.990486786,1,0.38028929,-0.055953533,0.969396463,1,0.405072594,-0.160702863,-0.501520479,0.038988094,0.062439531,0.080184036,0.490807559,-0.185326447,-0.115130437,-0.426369943,0.047022278,0.196600482,-0.080482974,0.30239536,-0.558168889,0.094126986,-0.819512963,0.431437251,-0.148095564,-0.146279883,-0.78169658,0.669135408,-0.581520682,-0.030631836,0.182675609,0.462255751,0.519635044,-0.185326447,-0.185326447,-0.463057617,0.191808147,-0.661788452,-0.104129919,-0.187856267,0.202615471,0.113940202,0.303850289,0.260048093,0.096643205,0.189295466,0.215196991,0.322528771,0.168432482,0.151885693,0.151885693,0.151885693,0.151885693,0.151885693,0.397967867,0.334463532,0.425864415,0.041280622,0.324743497,0.350937829,0.393597579,0.011082798,-0.799927895,-0.395659947,-0.072367689,-0.087176344,-0.046132713,-0.460888654,-0.211963857,-0.580415595,-0.667643171,0.68788579,0.667739375,0.700759318,0.29903025,0.294854592,0.305047288,0.276919103,0.298370318,0.3010378,0.30181811,0.232390557,-0.055266735,0.018555273,NA,0.530772781,-0.370306117,0.548028644,-0.653850931
seagrass_comb,-0.995848089,0.863596098,0.208102589,0.511294832,-0.237198586,0.204034479,NA,-0.154419166,0.291846787,0.440594312,0.391134253,0.38028929,1,-0.254906784,0.441085708,0.38028929,0.995848089,0.531670509,-0.232168242,-0.155696616,-0.114524076,-0.443301411,-0.159792772,0.354719431,0.36151119,-0.10279948,-0.035573399,-0.029305543,0.387397909,-0.221705687,-0.297005516,-0.205665668,-0.010124075,0.717293449,0.365109826,0.275486823,-0.146602548,-0.018929702,-0.065664738,-0.308011963,-0.507791032,-0.169803862,-0.148921437,0.354719431,0.354719431,0.409541284,0.246475509,0.168198109,-0.050927622,-0.193088292,0.146232705,-0.375750608,0.173288036,-0.407249454,-0.014515509,-0.731386616,-0.191776273,-0.501092484,0.07254238,-0.624813114,-0.624813114,-0.624813114,-0.624813114,-0.624813114,0.787063703,0.830228268,0.698460044,-0.347671607,0.421166389,0.045902154,0.107045135,-0.308600817,-0.438544073,-0.491174438,-0.078231054,0.130555207,-0.293935148,-0.92589238,-0.670065787,0.197376832,0.055532068,0.343723455,0.072495393,0.202893801,-0.143075871,-0.128885468,-0.174807682,-0.084515306,-0.140629419,-0.22593888,-0.223676892,-0.254815281,-0.111074728,-0.163279295,NA,0.66254603,-0.231476821,0.833008748,-0.890038125
richness_comb,0.200972752,-0.127727339,-0.317968609,-0.108761332,0.613801723,0.530330086,NA,0.530330086,0.707106781,0.076006024,-0.002465809,-0.055953533,-0.254906784,1,0.072142678,-0.055953533,-0.200972752,0.453419213,-0.435436804,-0.010173093,-0.060806263,-0.152189897,-0.097412133,-0.119333593,-0.256499722,-0.352770326,-0.611442142,-0.557489584,-0.221930342,0,-0.590372241,-0.353553391,-0.409295602,-0.648987817,-0.807467467,-0.116234921,-0.32330692,0.051680032,-0.546233237,-0.23268946,-0.040794622,-0.110024453,-0.083955096,-0.119333593,-0.119333593,-0.021983873,-0.449843071,0,-0.648020737,-0.520655444,-0.672620762,-0.408918171,-0.584543136,0.117740293,0.079985792,0.204386149,-0.239520777,-0.123563289,0.13821486,0,0,0,0,0,-0.560243448,-0.486672612,-0.583839267,-0.184432652,-0.533829187,0.425876589,0.407060919,0.430376803,0.192149644,0.323575633,0.50135137,0.510070763,0.442103689,0.299349248,0.351892878,-0.076276741,0.036475366,-0.421752575,-0.254510937,-0.339856034,0.191996487,0.220051196,0.123125349,0.298754149,0.196943988,0,0,0,0,0,NA,-0.11887896,0.117238008,-0.530650789,0.316227766
shannonD_comb,-0.474939877,-0.009585392,0.622966112,0.70248967,0.294672144,0.111303713,NA,-0.196553087,0.381922455,0.99997578,0.990969011,0.969396463,0.441085708,0.072142678,1,0.969396463,0.474939877,-0.034646823,-0.551650357,0.027137383,0.050412311,-0.037016171,0.39122207,-0.103816081,-0.092478805,-0.481859388,-0.024259699,0.129676105,-0.055273582,0.202399129,-0.590089464,0.044793732,-0.813558433,0.454228212,-0.224379188,-0.125463718,-0.779659617,0.591272859,-0.562823953,-0.171663222,0.111118292,0.3561484,0.427121451,-0.103816081,-0.103816081,-0.359847861,0.137720196,-0.557252025,-0.224803911,-0.222150015,0.113335457,0.031219411,0.235073672,0.084987758,-0.035035054,0.074391812,0.122833334,0.135947707,0.205974831,0.072232624,0.072232624,0.072232624,0.072232624,0.072232624,0.414424155,0.393820094,0.395919014,-0.060977745,0.272473456,0.487970478,0.541454989,0.052428004,-0.753940229,-0.366199964,-0.005868415,0.001369434,-0.013086552,-0.524029611,-0.234649319,-0.50595344,-0.584303632,0.587646276,0.548710587,0.587598136,0.238346598,0.24113354,0.228671252,0.24478778,0.238889252,0.198953471,0.200850923,0.114573545,-0.110548822,-0.060207087,NA,0.639016833,-0.278728662,0.501780756,-0.673121017
evenness_comb,-0.405072594,-0.082761691,0.766887262,0.572615415,0.210709475,0.008648688,NA,-0.266143742,0.168154905,0.968836311,0.990486786,1,0.38028929,-0.055953533,0.969396463,1,0.405072594,-0.160702863,-0.501520479,0.038988094,0.062439531,0.080184036,0.490807559,-0.185326447,-0.115130437,-0.426369943,0.047022278,0.196600482,-0.080482974,0.30239536,-0.558168889,0.094126986,-0.819512963,0.431437251,-0.148095564,-0.146279883,-0.78169658,0.669135408,-0.581520682,-0.030631836,0.182675609,0.462255751,0.519635044,-0.185326447,-0.185326447,-0.463057617,0.191808147,-0.661788452,-0.104129919,-0.187856267,0.202615471,0.113940202,0.303850289,0.260048093,0.096643205,0.189295466,0.215196991,0.322528771,0.168432482,0.151885693,0.151885693,0.151885693,0.151885693,0.151885693,0.397967867,0.334463532,0.425864415,0.041280622,0.324743497,0.350937829,0.393597579,0.011082798,-0.799927895,-0.395659947,-0.072367689,-0.087176344,-0.046132713,-0.460888654,-0.211963857,-0.580415595,-0.667643171,0.68788579,0.667739375,0.700759318,0.29903025,0.294854592,0.305047288,0.276919103,0.298370318,0.3010378,0.30181811,0.232390557,-0.055266735,0.018555273,NA,0.530772781,-0.370306117,0.548028644,-0.653850931
totalcover,-1,0.849894292,0.225653302,0.517033553,-0.14783855,0.275794037,NA,-0.157991176,0.343603187,0.474469538,0.418358525,0.405072594,0.995848089,-0.200972752,0.474939877,0.405072594,1,0.545926093,-0.254097875,-0.183664575,-0.14383411,-0.433421588,-0.121772203,0.346604685,0.357729382,-0.148087235,-0.063092443,-0.044146901,0.385205955,-0.240025056,-0.321902212,-0.222485826,-0.049672572,0.697118255,0.327003464,0.278168969,-0.190751715,0.024711795,-0.098692988,-0.296168479,-0.501711221,-0.133060904,-0.109647868,0.346604685,0.346604685,0.425945679,0.220559575,0.148562521,-0.101766952,-0.219320006,0.119034695,-0.37556581,0.159246125,-0.415126442,-0.04063859,-0.730335363,-0.168912429,-0.513524715,0.127610114,-0.588047577,-0.588047577,-0.588047577,-0.588047577,-0.588047577,0.770016703,0.816769583,0.678920798,-0.355544946,0.402319255,0.125601086,0.183998167,-0.233063293,-0.458727364,-0.450525041,-0.003760168,0.193713431,-0.216688962,-0.91911977,-0.612695213,0.16776387,0.029005529,0.347448427,0.074574699,0.206515923,-0.135022434,-0.116755235,-0.176505836,-0.060571386,-0.131861663,-0.245303109,-0.242477453,-0.287095147,-0.140405579,-0.19666864,NA,0.709361771,-0.223824173,0.816934901,-0.901726143
avg_shoot_density,-0.545926093,0.75722899,-0.358371877,-0.030862987,0.027501744,0.555752625,NA,0.427766922,0.624679891,-0.031657906,-0.126951353,-0.160702863,0.531670509,0.453419213,-0.034646823,-0.160702863,0.545926093,1,-0.257280931,-0.181115548,-0.188668246,-0.492036474,-0.393689458,0.078156066,0.215805147,-0.161217953,-0.590810654,-0.619366099,0.244684977,-0.264936574,-0.379542335,-0.560092153,0.071778573,-0.131994374,-0.025953231,0.269343227,-0.136477452,-0.216119604,-0.095723891,-0.31664794,-0.590151092,-0.393935475,-0.392525553,0.078156066,0.078156066,0.531845557,-0.138754732,0.38412842,-0.555840121,-0.564748819,-0.540797354,-0.771713062,-0.486046659,-0.233802499,0.223527182,-0.579100144,-0.507426814,-0.589506621,-0.145817198,-0.706640221,-0.706640221,-0.706640221,-0.706640221,-0.706640221,0.094344996,0.266596168,-0.077841173,-0.739056612,-0.351216217,0.03128365,0.041004711,-0.011045798,0.259618818,0.017718764,0.340790117,0.565079556,0.081320518,-0.323839999,-0.211952324,0.384806476,0.404243075,-0.387753946,-0.445501522,-0.432853199,-0.05804481,-0.024585987,-0.136473153,0.074728028,-0.052211265,-0.260462774,-0.262926718,-0.150563988,0.143648044,0.077765076,NA,0.151379719,0.203749253,0.125689866,-0.226254713
avg_blade_length,0.254097875,-0.069379292,-0.234121658,-0.271659711,-0.195998012,-0.076507922,NA,-0.550389804,-0.584691146,-0.556313485,-0.51729091,-0.501520479,-0.232168242,-0.435436804,-0.551650357,-0.501520479,-0.254097875,-0.257280931,1,0.097495966,0.140099446,0.546963389,0.306697028,-0.357488385,-0.046736087,0.560927549,0.712117568,0.578320417,-0.088266747,-0.377764657,0.621551063,0.690965993,0.662962557,-0.086234706,0.236978104,-0.087997796,0.673886379,-0.418475483,0.510834738,0.560010598,0.437218567,0.326534165,0.285178161,-0.357488385,-0.357488385,0.162239896,-0.167303535,0.469303439,0.498875601,0.813875522,0.610748017,0.545045897,0.542862001,-0.381201576,-0.410862808,-0.134729533,0.604632263,-0.062454826,0.180118447,0.15340955,0.15340955,0.15340955,0.15340955,0.15340955,-0.259227366,-0.21748608,-0.258859162,-0.044998635,-0.243464555,-0.028073618,-0.080605407,0.290363803,0.400545245,0.618020886,0.130369224,0.10833058,0.165725732,0.086819284,0.267102845,0.420797864,0.482933035,-0.477165531,-0.506675514,-0.506258344,-0.397347641,-0.395606991,-0.396331793,-0.382951907,-0.397136183,-0.36155681,-0.370397714,-0.055960198,0.489797333,0.392249205,NA,-0.20939069,0.476376612,-0.25999924,0.320134631
max_10,0.183664575,-0.307833701,0.102135578,0.229964989,-0.248581979,-0.630438717,NA,0.342414041,-0.038704738,0.029605144,0.044017353,0.038988094,-0.155696616,-0.010173093,0.027137383,0.038988094,-0.183664575,-0.181115548,0.097495966,1,0.996681987,-0.270765648,-0.168600167,-0.279745243,-0.901381342,-0.396847368,0.466209419,0.545295781,-0.906722005,-0.438057038,-0.147099451,0.226339553,-0.261181587,-0.13350066,-0.275285347,-0.944571044,-0.032639435,-0.542095047,-0.26774775,-0.444271895,-0.040719789,-0.184992087,-0.151013767,-0.279745243,-0.279745243,-0.680923134,-0.711538215,-0.342085408,-0.188076296,0.441632816,0.391919262,0.510044681,0.475467737,-0.024538924,-0.29090153,0.514095268,-0.089964583,-0.136796826,-0.543974866,0.276908587,0.276908587,0.276908587,0.276908587,0.276908587,0.059823959,-0.009009772,0.135623312,0.189702758,0.176797237,-0.146448975,-0.140509603,-0.155586119,0.335702506,0.111602688,-0.538180443,-0.555461169,-0.442754514,-0.093923152,-0.305647717,0.528949458,0.497231675,-0.22897935,-0.374664441,-0.315084637,-0.65688549,-0.683524263,-0.585357237,-0.749242632,-0.66169404,-0.424136194,-0.431746304,-0.143598496,0.426659794,0.315331644,NA,-0.126950914,-0.304573506,0.062518384,0.027665731
max_25perc,0.14383411,-0.28147607,0.115966042,0.26925272,-0.270467082,-0.632517414,NA,0.278904183,-0.059287016,0.05246117,0.068670484,0.062439531,-0.114524076,-0.060806263,0.050412311,0.062439531,-0.14383411,-0.188668246,0.140099446,0.996681987,1,-0.243916809,-0.135270264,-0.295843338,-0.883711195,-0.368771437,0.519676072,0.593661046,-0.889900874,-0.452939938,-0.129514642,0.279429836,-0.243749488,-0.080934286,-0.244976733,-0.93653491,-0.01978994,-0.544406242,-0.244796351,-0.420699507,-0.015137789,-0.1523204,-0.117069944,-0.295843338,-0.295843338,-0.669998452,-0.690601863,-0.321367927,-0.151061468,0.48865338,0.450564047,0.53654476,0.53319255,-0.066537252,-0.32221151,0.475240414,-0.048018389,-0.148206493,-0.521991047,0.260656745,0.260656745,0.260656745,0.260656745,0.260656745,0.093026619,0.029942823,0.161538064,0.166266151,0.186299189,-0.130592869,-0.122489734,-0.155333272,0.311283404,0.112294179,-0.541687615,-0.551137779,-0.452324616,-0.147054618,-0.328863858,0.537633061,0.502186607,-0.221362107,-0.377010377,-0.31259583,-0.672201223,-0.69872193,-0.600754437,-0.763802891,-0.676992715,-0.438095526,-0.446208439,-0.141200376,0.454220361,0.338944462,NA,-0.090496008,-0.280397081,0.097343121,-0.010832411
depth_m_avg,0.433421588,-0.449478941,0.182850422,-0.32336754,0.185702889,0.143486011,NA,-0.732803555,-0.573944043,-0.042268576,0.04029642,0.080184036,-0.443301411,-0.152189897,-0.037016171,0.080184036,-0.433421588,-0.492036474,0.546963389,-0.270765648,-0.243916809,1,0.839620764,-0.62036924,0.06153621,0.51881433,0.391741357,0.314612415,0.051326051,0.374088528,0.166882069,0.707181053,0.041079959,-0.23637377,-0.140594957,0.106790577,0.101600409,0.417390604,-0.006014053,0.918863907,0.909795915,0.852549527,0.824124073,-0.62036924,-0.62036924,-0.189938798,0.189907354,0.013457597,0.529463853,0.384234096,0.368366889,0.420927743,0.304991759,0.258829876,0.055372461,0.267076905,0.865088346,0.66844859,0.512000562,0.374088528,0.374088528,0.374088528,0.374088528,0.374088528,-0.565153265,-0.578750358,-0.493359902,0.102355326,-0.404665477,0.1921056,0.134216765,0.483314211,-0.182599287,0.456630445,0.369336389,0.269784341,0.462196874,0.33525135,0.578295464,-0.477464106,-0.369294585,-0.046875833,0.216827809,0.100221608,0.4179987,0.419857546,0.408197963,0.417375898,0.41842109,0.388461301,0.38072561,0.546711842,0.397044356,0.482476383,NA,-0.287475949,0.380942906,-0.384629599,0.362095906
temp_avg,0.121772203,-0.377006121,0.579310592,-0.067352192,0.440937165,0.292441204,NA,-0.719018664,-0.328694246,0.386654617,0.445018361,0.490807559,-0.159792772,-0.097412133,0.39122207,0.490807559,-0.121772203,-0.393689458,0.306697028,-0.168600167,-0.135270264,0.839620764,1,-0.66130715,-0.102801315,0.061413286,0.377545133,0.420515599,-0.098588034,0.183682079,-0.09228494,0.575214931,-0.34640512,-0.071503908,-0.170951151,-0.075515136,-0.323409314,0.62891638,-0.293993746,0.787018761,0.747556314,0.99892993,0.998821968,-0.66130715,-0.66130715,-0.283128889,0.026887196,-0.333059357,0.213288126,0.265799435,0.425639852,0.492361636,0.469409273,0.244328597,-0.045718383,0.273668046,0.892500266,0.546594896,0.56764915,0.509959455,0.509959455,0.509959455,0.509959455,0.509959455,-0.263855614,-0.297407081,-0.196177904,0.05030631,-0.19739338,0.481206056,0.433012958,0.64183334,-0.438125344,0.413555007,0.472602055,0.353768191,0.571971381,0.037783385,0.531870229,-0.533128612,-0.492230475,0.214757008,0.331473221,0.291907283,0.285609214,0.298265189,0.25196856,0.329990483,0.287887558,0.194510846,0.188668174,0.329348755,0.30430547,0.344869284,NA,0.154068576,0.137430152,-0.032811457,-0.075659982
sal_avg,-0.346604685,0.398072938,-0.22686187,0.239166379,-0.152152162,-0.056254395,NA,0.196890383,0.22501758,-0.102560823,-0.154745166,-0.185326447,0.354719431,-0.119333593,-0.103816081,-0.185326447,0.346604685,0.078156066,-0.357488385,-0.279745243,-0.295843338,-0.62036924,-0.66130715,1,0.47372159,0.029935894,-0.243189614,-0.26027604,0.47262083,-0.056254395,0.139483646,-0.45003516,0.311545035,0.509748479,0.293805337,0.407176606,0.316661939,-0.193989819,0.26055932,-0.534784742,-0.601489301,-0.659928841,-0.661231773,1,1,0.505563799,0.335661748,0.284382712,0.099288726,-0.217024882,-0.196553127,-0.345841967,-0.270452204,-0.347927386,-0.133397901,-0.462917413,-0.504758338,-0.431943243,0.077690568,-0.309399173,-0.309399173,-0.309399173,-0.309399173,-0.309399173,0.505857485,0.444051689,0.524442564,0.338021921,0.618738808,-0.143956961,-0.085427286,-0.457435469,-0.202597457,-0.587990752,-0.270989363,-0.236396626,-0.333588711,-0.243245604,-0.420478117,0.105568635,-0.013074533,0.349907716,0.15023362,0.245850586,-0.075411803,-0.07752578,-0.069434631,-0.082298847,-0.075798829,-0.084751461,-0.069313054,-0.50750595,-0.823279217,-0.826459624,NA,0.284040517,-0.374832977,0.291246515,-0.276735033
total_abund_sum,-0.357729382,0.520372555,-0.226165981,-0.051815708,-0.127896927,0.368732098,NA,-0.324714185,-0.023695616,-0.094910508,-0.107136379,-0.115130437,0.36151119,-0.256499722,-0.092478805,-0.115130437,0.357729382,0.215805147,-0.046736087,-0.901381342,-0.883711195,0.06153621,-0.102801315,0.47372159,1,0.523621733,-0.350067949,-0.471631547,0.998012931,0.38101309,0.284239492,-0.208338845,0.468265051,0.411924065,0.521036058,0.983665909,0.226067801,0.288464801,0.494895228,0.232531296,-0.129137551,-0.087340284,-0.118786592,0.47372159,0.47372159,0.750331906,0.845176613,0.503333778,0.339693134,-0.324250329,-0.26834473,-0.557293554,-0.389574222,-0.164655511,0.244068953,-0.714703106,-0.101458544,-0.034087643,0.328687704,-0.534119218,-0.534119218,-0.534119218,-0.534119218,-0.534119218,0.210718214,0.292970131,0.097501837,-0.238111905,0.004551562,-0.097295917,-0.071756702,-0.208279498,-0.283769392,-0.358893225,0.206745352,0.298679293,0.065987035,-0.120621239,-0.063759987,-0.310320896,-0.319900457,0.241305914,0.310536588,0.282864329,0.506320807,0.519989181,0.467432067,0.550494792,0.508827581,0.367276059,0.374778149,0.098593055,-0.418329891,-0.320901016,NA,0.146670711,0.289981847,0.1312383,-0.145242876
comm_richness_sum,0.148087235,0.154474166,-0.436182278,-0.26863998,-0.480562517,-0.083148763,NA,-0.532152084,-0.565411589,-0.486297378,-0.431171729,-0.426369943,-0.10279948,-0.352770326,-0.481859388,-0.426369943,-0.148087235,-0.161217953,0.560927549,-0.396847368,-0.368771437,0.51881433,0.061413286,0.029935894,0.523621733,1,0.260248993,0.01956356,0.509012382,0.365854558,0.352889834,0.498892579,0.688767376,0.076871436,0.18889128,0.517170073,0.737103702,-0.174424305,0.4337672,0.501028236,0.446444898,0.085938272,0.03554024,0.029935894,0.029935894,0.307700079,0.521748484,0.7053007,0.837644666,0.332547617,0.240117465,-0.082915595,0.032761381,-0.118364399,0.140626287,-0.312455235,0.318344499,0.242493132,0.269470187,-0.382484311,-0.382484311,-0.382484311,-0.382484311,-0.382484311,-0.30401421,-0.274857372,-0.287161868,0.032536096,-0.223160487,-0.352963525,-0.360190104,-0.213090371,0.025605934,-0.011999188,-0.060595982,0.036998549,-0.14497712,0.094378317,-0.047218526,-0.02987309,0.041590262,-0.215416428,-0.016263105,-0.116992951,0.327892565,0.317888483,0.347329255,0.28229671,0.326220823,0.374720784,0.369968675,0.450862435,0.237821738,0.323278421,NA,-0.476108949,0.403389326,-0.272092302,0.371852573
comm_shannonD_sum,0.063092443,-0.22150936,0.223466366,0.242502491,-0.269626837,-0.459923448,NA,-0.62412555,-0.578515388,-0.028723187,0.031520383,0.047022278,-0.035573399,-0.611442142,-0.024259699,0.047022278,-0.063092443,-0.590810654,0.712117568,0.466209419,0.519676072,0.391741357,0.377545133,-0.243189614,-0.350067949,0.260248993,1,0.967533184,-0.378011853,-0.343460841,0.336918526,0.843147152,0.207619191,0.324460625,0.12331118,-0.461341235,0.401004264,-0.309980964,0.155320922,0.257867089,0.463793797,0.375737407,0.37857317,-0.243189614,-0.243189614,-0.302037148,-0.196441203,0.025642316,0.56909309,0.955060342,0.969976634,0.848209028,0.944755263,-0.337313461,-0.564352184,0.112697817,0.653742088,0.035170517,0.150394605,0.346698643,0.346698643,0.346698643,0.346698643,0.346698643,0.137334286,0.054362347,0.23716969,0.337950436,0.303491539,0.045626283,0.039181884,0.063698808,-0.06712027,0.222300159,-0.300875048,-0.354512579,-0.196506309,-0.274205094,-0.116897184,0.280605016,0.23455052,0.009865461,-0.145820446,-0.073368518,-0.502589466,-0.521657265,-0.450971503,-0.568082675,-0.506038944,-0.331969067,-0.338248607,-0.103270149,0.351256111,0.263756896,NA,0.092627179,-0.038986175,0.161871428,-0.100141144
comm_evenness_sum,0.044146901,-0.305946558,0.382518281,0.321140314,-0.129793705,-0.450010948,NA,-0.547822654,-0.475323845,0.125965279,0.179173422,0.196600482,-0.029305543,-0.557489584,0.129676105,0.196600482,-0.044146901,-0.619366099,0.578320417,0.545295781,0.593661046,0.314612415,0.420515599,-0.26027604,-0.471631547,0.01956356,0.967533184,1,-0.49685597,-0.39886781,0.264883805,0.758087058,0.01321026,0.331282395,0.08323205,-0.58460928,0.200904363,-0.209661808,0.044542264,0.176385798,0.404783243,0.412261267,0.428208586,-0.26027604,-0.26027604,-0.406260699,-0.292035607,-0.187701549,0.39972757,0.89588043,0.946351488,0.915841251,0.971019677,-0.285738641,-0.607927197,0.218708818,0.628851658,0.029017304,0.122490026,0.492663667,0.492663667,0.492663667,0.492663667,0.492663667,0.216182714,0.115062743,0.321547139,0.372480269,0.384649813,0.155593753,0.150603783,0.134128523,-0.127730178,0.217804171,-0.284976626,-0.379661927,-0.143209708,-0.288150296,-0.079406152,0.226294061,0.159705571,0.117904974,-0.080794229,0.01571452,-0.553217511,-0.570912012,-0.504195108,-0.612344934,-0.556438814,-0.390271735,-0.394989823,-0.196629606,0.270213174,0.170341959,NA,0.227439919,-0.151044779,0.236574345,-0.201097341
carnivore,-0.385205955,0.539229669,-0.21238681,-0.037815209,-0.116137588,0.390670586,NA,-0.314755921,0.006365694,-0.057583592,-0.071913233,-0.080482974,0.387397909,-0.221930342,-0.055273582,-0.080482974,0.385205955,0.244684977,-0.088266747,-0.906722005,-0.889900874,0.051326051,-0.098588034,0.47262083,0.998012931,0.509012382,-0.378011853,-0.49685597,1,0.400403009,0.223266759,-0.223970909,0.428707464,0.410817725,0.486464228,0.986281496,0.193077445,0.309052388,0.442426089,0.219249663,-0.134324391,-0.084134311,-0.113526131,0.47262083,0.47262083,0.741916657,0.845707342,0.493227815,0.322711661,-0.362159405,-0.287059141,-0.590632719,-0.405593596,-0.148186695,0.269915524,-0.71562198,-0.109845027,-0.029076923,0.340914134,-0.55700289,-0.55700289,-0.55700289,-0.55700289,-0.55700289,0.211042266,0.292426422,0.100455268,-0.245313207,0.00253753,-0.085375604,-0.05790688,-0.21023022,-0.316085018,-0.379973783,0.215696888,0.316796083,0.064839193,-0.144123461,-0.081196165,-0.329566316,-0.340320589,0.254628822,0.328903439,0.299329645,0.533236618,0.547768464,0.49195668,0.580297485,0.535900568,0.386802138,0.394233273,0.117098763,-0.415401988,-0.313321495,NA,0.155684226,0.268439576,0.146345965,-0.169055814
herbivore,0.240025056,-0.242323033,0.127224273,-0.151839806,-0.157053016,-0.125,NA,-0.125,-0.25,0.201789325,0.276274032,0.30239536,-0.221705687,0,0.202399129,0.30239536,-0.240025056,-0.264936574,-0.377764657,-0.438057038,-0.452939938,0.374088528,0.183682079,-0.056254395,0.38101309,0.365854558,-0.343460841,-0.39886781,0.400403009,1,-0.205924219,0,-0.244867585,-0.032395321,-0.084106411,0.441395896,-0.219070779,0.612269187,-0.16076061,0.29250897,0.394230769,0.188603725,0.178095653,-0.056254395,-0.056254395,-0.259063579,0.711706523,-0.180546345,0.373364328,-0.410118685,-0.279537942,-0.321277575,-0.391078418,0.672375908,0.700471029,0.269508763,0.002686983,0.801796976,0.039900273,-0.125,-0.125,-0.125,-0.125,-0.125,-0.257879502,-0.303971747,-0.207513535,0.148027696,-0.124534642,-0.302334762,-0.28618506,-0.320625896,-0.433859859,-0.474316052,-0.153610086,-0.153722411,-0.137458545,0.319931043,0.009572007,-0.806929765,-0.757668416,0.386462065,0.752772039,0.596097505,0.933263479,0.91132933,0.973108688,0.829223043,0.929648175,0.999407935,0.999875859,0.831436046,-0.069765874,0.172927756,NA,-0.422046771,-0.015592205,-0.14430385,0.223606798
omnivore,0.321902212,-0.149215438,-0.268589837,-0.224117037,-0.209708424,-0.236259821,NA,-0.233502699,-0.459400425,-0.592555932,-0.564569376,-0.558168889,-0.297005516,-0.590372241,-0.590089464,-0.558168889,-0.321902212,-0.379542335,0.621551063,-0.147099451,-0.129514642,0.166882069,-0.09228494,0.139483646,0.284239492,0.352889834,0.336918526,0.264883805,0.223266759,-0.205924219,1,0.183287872,0.723144371,0.123381331,0.659516796,0.209616434,0.560812408,-0.244006247,0.924942367,0.258405076,0.041311918,-0.073071856,-0.112231088,0.139483646,0.139483646,0.323831228,0.202742773,0.284942939,0.341330309,0.495367393,0.217398206,0.365040453,0.146393073,-0.299067256,-0.336105266,-0.173206777,0.100965998,-0.092955735,-0.101003784,0.210473766,0.210473766,0.210473766,0.210473766,0.210473766,0.052081752,0.086931085,-0.01751234,0.046255497,0.032984892,-0.202772123,-0.225606195,-0.020883932,0.421236674,0.231903701,-0.080830815,-0.196089374,0.035832285,0.321994353,0.247847813,0.220001494,0.234840274,-0.143710434,-0.206071008,-0.182777665,-0.287034075,-0.296377244,-0.261214582,-0.318351395,-0.288733824,-0.211526957,-0.208520294,-0.263659735,-0.151613112,-0.199488351,NA,-0.094530807,0.401631652,-0.193755373,0.32133644
soniferous_S,0.222485826,-0.334351331,0.045335134,0.20705428,-0.13152223,-0.25,NA,-0.75,-0.5,0.03953142,0.104561004,0.094126986,-0.205665668,-0.353553391,0.044793732,0.094126986,-0.222485826,-0.560092153,0.690965993,0.226339553,0.279429836,0.707181053,0.575214931,-0.45003516,-0.208338845,0.498892579,0.843147152,0.758087058,-0.223970909,0,0.183287872,1,0.125130136,0.136390119,-0.169963627,-0.261554999,0.348489591,-0.103728531,0.054384742,0.475327076,0.826923077,0.570526268,0.578810873,-0.45003516,-0.45003516,-0.321508185,-0.029251094,0.164133041,0.644902022,0.837999466,0.79231338,0.67921957,0.739410743,-0.232580289,-0.424363966,0.149921094,0.79122908,0.273136548,0.364231917,0.25,0.25,0.25,0.25,0.25,-0.238150845,-0.256349587,-0.173865179,0.183664762,-0.097416002,0.196658422,0.185851152,0.208466898,-0.134818749,0.322834447,-0.077058307,-0.105425761,-0.010598582,-0.103068568,0.073071927,-0.021298753,0.026658403,-0.145125278,-0.066202299,-0.103479138,-0.090508012,-0.103733129,-0.058041846,-0.140834056,-0.092840286,0.017339042,0.007940511,0.280006395,0.502724696,0.496360338,NA,-0.087476551,0.282709844,-0.172546081,0.149071198
carn_2,0.049672572,0.356099458,-0.610651359,-0.342378498,-0.437543481,-0.041639166,NA,-0.188837966,-0.379428299,-0.816014227,-0.817346541,-0.819512963,-0.010124075,-0.409295602,-0.813558433,-0.819512963,-0.049672572,0.071778573,0.662962557,-0.261181587,-0.243749488,0.041079959,-0.34640512,0.311545035,0.468265051,0.688767376,0.207619191,0.01321026,0.428707464,-0.244867585,0.723144371,0.125130136,1,0.078116453,0.527498258,0.423802923,0.896037682,-0.566432106,0.804194527,0.189395564,-0.12214596,-0.31659177,-0.376888457,0.311545035,0.311545035,0.656183486,0.202607299,0.802817862,0.472636015,0.370455217,0.13113503,-0.061232514,-0.017162547,-0.467983154,-0.167979465,-0.546515503,-0.016124532,-0.334448816,0.014159202,-0.338665317,-0.338665317,-0.338665317,-0.338665317,-0.338665317,-0.033259866,0.031862982,-0.087855672,-0.081157164,-0.075073103,-0.373914426,-0.390945513,-0.172711921,0.472373686,0.160311169,-0.023879705,0.043688623,-0.097728252,0.082287659,-0.027159096,0.5043379,0.529376356,-0.402612522,-0.461308283,-0.451240666,-0.254681926,-0.253132896,-0.255056314,-0.243749542,-0.25447066,-0.24513067,-0.245024062,-0.210181505,0.005252101,-0.054025921,NA,-0.260524169,0.393558747,-0.179621334,0.302471228
